0
1
2
3
4
5
6
7
8
11
12
13
14
16
18
19
20
21
22
25
27
28
29
30
31
32
33
34
35
36
37
38
39
40
41
42
43
44
45
46
47
48
50
51
52
53
54
55
56
57
58
59
60
61
62
63
64
65
66
68
72
74
75
76
77
78
79
80
81
82
83
84
85
86
87
88
89
90
91
92
93
94
95
96
97
98
99
100
102
103
105
106
108
109
110
111
112
113
114
115
116
117
118
119
120
121
122
123
124
125
128
129
130
131
133
134
136
137
138
139
140
141
142
143
144
145
146
147
148
149
150
151
152
153
154
155
156
157
158
159
160
161
163
164
165
166
167
168
169
170
171
172
173
174
175
176
177
178
179
180
181
182
183
184
185
186
187
188
189
190
192
194
195
196
198
199
200
201
202
203
204
205
207
208
209
211
212
213
214
215
216
217
218
219
220
221
223
224
226
227
229
230
231
232
234
235
236
237
238
239
240
241
242
243
244
245
246
247
248
250
251
256
258
262
263
268
269
272
273
274
277
278
280
281
282
284
285
286
287
288
289
290
291
292
293
294
295
297
298
299
300
301
302
303
304
305
307
308
309
310
311
312
313
314
315
318
319
321
323
324
325
326
327
328
329
330
331
332
333
334
335
336
337
338
339
340
341
342
343
344
345
346
347
348
349
350
351
352
353
354
355
356
357
358
359
360
361
362
363
364
365
366
367
368
369
370
371
372
373
374
375
376
377
378
379
380
381
382
383
384
385
386
387
388
389
390
395
396
397
398
402
404
405
406
408
409
410
411
412
413
414
415
416
417
419
420
422
423
424
425
426
427
428
429
430
431
432
433
434
435
436
438
439
440
441
442
443
444
445
446
447
448
449
451
452
453
454
455
456
457
458
459
460
461
462
463
464
465
466
467
468
469
471
472
473
474
475
476
477
479
480
481
482
483
484
485
487
488
489
490
491
492
493
494
495
496
497
498
501
502
503
504
505
506
507
508
509
510
511
512
513
514
517
519
520
521
522
523
524
525
526
527
528
529
530
531
532
533
534
535
536
537
538
539
540
541
542
543
544
545
546
547
548
549
550
551
552
553
554
555
556
557
635
636
640
641
642
643
644
646
647
649
650
651
652
653
654
656
657
658
659
660
661
662
663
664
665
666
668
669
670
671
673
674
675
676
677
678
680
681
682
683
684
685
686
687
688
689
690
691
692
693
694
695
696
697
698
699
702
703
708
709
710
711
712
713
714
715
716
717
718
719
721
722
724
725
727
728
729
730
732
733
734
735
736
737
738
739
740
741
742
743
744
745
746
747
748
749
750
751
752
754
755
756
757
759
760
761
762
765
766
768
769
770
771
772
773
774
775
776
777
778
779
782
783
785
786
787
788
789
790
791
794
795
796
797
798
799
804
805
806
807
809
810
811
812
813
814
815
816
817
818
819
820
821
822
823
826
827
828
829
830
831
833
834
835
836
837
838
839
840
841
842
843
846
847
848
849
850
851
852
853
855
856
857
858
859
860
861
865
866
867
868
869
870
871
872
873
874
875
876
877
879
880
882
884
885
886
887
888
889
890
891
893
894
895
896
897
898
899
901
902
904
905
906
907
908
909
910
919
920
921
922
923
924
925
926
927
928
929
930
931
933
934
935
936
937
938
939
940
941
942
943
944
947
948
949
950
951
952
954
955
956
959
960
961
962
963
964
965
966
967
968
969
970
971
973
976
977
979
980
981
982
983
984
985
986
987
988
989
990
991
992
993
994
995
996
997
998
999
1000
1001
1002
1003
1005
1008
1009
1010
1011
1013
1014
1016
1017
1018
1020
1021
1022
1023
1024
1025
1026
1027
1028
1030
1031
1033
1034
1035
1036
1037
1038
1039
1040
1041
1042
1044
1046
1048
1049
1050
1052
1053
1054
1055
1056
1058
1059
1060
1061
1062
1063
1064
1066
1067
1068
1069
1071
1072
1073
1074
1075
1076
1077
1078
1079
1080
1081
1082
1083
1085
1086
1087
1088
1089
1090
1091
1092
1093
1094
1095
1096
1097
1098
1100
1101
1102
1103
1104
1105
1106
1107
1108
1109
1111
1112
1113
1114
1116
1117
1118
1119
1120
1121
1123
1125
1127
1129
1132
1133
1134
1135
1137
1138
1139
1140
1141
1142
1143
1144
1145
1147
1148
1149
1150
1152
1153
1154
1155
1156
1157
1159
1160
1161
1162
1163
1165
1167
1168
1169
1170
1171
1172
1173
1174
1175
1176
1177
1178
1179
1180
1181
1182
1183
1184
1192
1193
1194
1195
1196
1197
1198
1200
1201
1202
1203
1204
1205
1206
1207
1208
1209
1211
1212
1213
1214
1215
1216
1217
1218
1220
1221
1222
1223
1224
1226
1227
1228
1230
1231
1232
1233
1234
1236
1237
1238
1240
1241
1242
1243
1245
1246
1247
1248
1251
1253
1254
1255
1257
1258
1259
1261
1262
1263
1264
1266
1267
1269
1271
1272
1273
1277
1278
1279
1280
1283
1284
1286
1289
1293
1294
1297
1299
1303
1306
1308
1310
1311
1313
1314
1315
1316
1317
1318
1319
1324
1325
1326
1327
1328
1329
1330
1331
1332
1333
1334
1335
1340
1341
1342
1343
1344
1345
1346
1347
1348
1349
1350
1351
1352
1353
1354
1355
1356
1357
1358
1359
1360
1361
1362
1363
1364
1365
1366
1367
1368
1369
1370
1371
1372
1373
1374
1375
1376
1377
1378
1379
1380
1381
1382
1383
1384
1385
1386
1387
1388
1389
1390
1391
1392
1393
1394
1395
1396
1397
1398
1399
1400
1401
1402
1403
1404
1405
1407
1409
1413
1414
1415
1416
1417
1418
1419
1420
1421
1422
1424
1425
1426
1427
1428
1429
1430
1431
1433
1434
1435
1436
1437
1438
1440
1441
1442
1443
1444
1445
1446
1447
1448
1449
1451
1452
1454
1455
1456
1457
1458
1459
1460
1461
1462
1463
1466
1467
1468
1469
1471
1472
1473
1474
1475
1476
1477
1478
1479
1480
1481
1482
1483
1484
1486
1487
1488
1490
1491
1492
1493
1494
1495
1497
1498
1499
1500
1501
1502
1503
1505
1506
1507
1508
1509
1510
1511
1512
1513
1514
1515
1516
1517
1518
1520
1521
1522
1523
1524
1525
1526
1527
1528
1529
1530
1531
1532
1533
1534
1535
1537
1539
1540
1541
1543
1544
1545
1546
1547
1548
1549
1550
1551
1552
1553
1554
1555
1557
1558
1559
1560
1561
1562
1563
1564
1567
1568
1569
1570
1571
1572
1573
1574
1575
1579
1581
1583
1584
1585
1586
1588
1593
1596
1597
1598
1599
1601
1603
1604
1605
1613
1615
1616
1617
1618
1620
1621
1623
1624
1625
1626
1631
1632
1633
1635
1636
1637
1638
1639
1640
1641
1642
1643
1644
1645
1646
1652
1653
1666
1667
1668
1669
1671
1672
1674
1675
1676
1677
1678
1679
1680
1681
1688
1689
1691
1695
1696
1697
1698
1702
1703
1704
1708
1710
1711
1712
1713
1714
1715
1716
1717
1718
1719
1720
1721
1722
1723
1724
1725
1726
1727
1728
1729
1730
1731
1733
1734
1735
1736
1737
1738
1739
1740
1741
1742
1745
1746
1748
1749
1750
1751
1752
1753
1754
1755
1756
1757
1759
1760
1763
1764
1765
1766
1767
1768
1769
1772
1773
1774
1775
1776
1777
1778
1781
1782
1783
1784
1785
1786
1787
1788
1789
1790
1791
1792
1793
1795
1796
1797
1798
1799
1800
1801
1802
1803
1804
1805
1806
1807
1810
1811
1812
1813
1814
1815
1816
1819
1820
1821
1822
1823
1824
1825
1826
1828
1829
1830
1831
1832
1833
1834
1835
1836
1837
1838
1839
1840
1841
1842
1843
1844
1845
1846
1847
1848
1849
1850
1851
1852
1853
1854
1859
1860
1861
1862
1863
1864
1865
1866
1867
1868
1869
1870
1871
1872
1873
1874
1875
1876
1877
1878
1883
1884
1885
1886
1887
1888
1889
1891
1892
1893
1894
1895
1896
1897
1898
1899
1900
1901
1902
1903
1905
1906
1908
1909
1911
1912
1913
1914
1915
1917
1918
1919
1920
1921
1922
1923
1926
1927
1928
1929
1930
1931
1932
1935
1936
1939
1940
1941
1942
1947
1948
1950
1951
1952
1953
1954
1956
1957
1958
1962
1963
1964
1970
1973
1978
1979
1980
1982
1984
1985
1993
1994
1996
1999
2004
2006
2007
2008
2009
2010
2011
2020
2025
2026
2037
2047
2048
2049
2057
2062
2070
2071
2072
2073
2074
2075
2076
2077
2079
2080
2081
2082
2088
2111
2117
2118
2120
2122
2123
2127
2128
2131
2132
2140
2141
2142
2143
2144
2146
2147
2154
2155
2156
2157
2160
2161
2162
2167
2182
2184
2193
2194
2195
2196
2198
2199
2200
2201
2202
2203
2204
2205
2206
2207
2208
2209
2212
2215
2220
2221
2222
2225
2226
2247
2248
2252
2257
2263
2267
2272
2273
2275
2276
2280
2283
2284
2287
2288
2293
2294
2295
2296
2297
2298
2299
2301
2302
2304
2305
2310
2314
2316
2317
2318
2321
2324
2325
2333
2334
2335
2336
2337
2347
2350
2366
2367
2368
2369
2386
2387
2390
2391
2394
2395
2398
2399
2400
2401
2402
2403
2404
2405
2406
2407
2408
2409
2410
2411
2412
2413
2414
2415
2416
2417
2418
2419
2420
2421
2422
2423
2424
2425
2426
2427
2428
2429
2431
2432
2434
2435
2436
2437
2438
2439
2440
2441
2442
2443
2444
2445
2446
2449
2450
2453
2454
2455
2456
2457
2458
2459
2460
2461
2462
2463
2464
2466
2467
2468
2469
2471
2472
2473
2474
2475
2477
2478
2479
2480
2481
2482
2483
2485
2486
2487
2489
2490
2492
2493
2494
2495
2496
2497
2499
2500
2501
2502
2503
2504
2505
2506
2507
2508
2509
2510
2511
2512
2513
2514
2515
2516
2517
2518
2519
2521
2522
2523
2524
2525
2526
2527
2528
2529
2530
2531
2532
2533
2535
2536
2537
2538
2539
2540
2541
2542
2543
2544
2545
2546
2547
2548
2550
2551
2552
2553
2554
2555
2556
2557
2559
2560
2561
2562
2564
2565
2567
2568
2573
2574
2575
2576
2577
2578
2579
2580
2581
2582
2583
2584
2585
2586
2587
2588
2589
2590
2591
2593
2594
2595
2596
2600
2601
2602
2603
2604
2605
2606
2607
2608
2609
2610
2611
2612
2613
2614
2615
2616
2617
2618
2619
2620
2622
2623
2626
2627
2628
2629
2630
2632
2633
2634
2637
2640
2641
2642
2643
2651
2652
2653
2654
2655
2656
2657
2658
2659
2661
2662
2663
2664
2665
2666
2668
2669
2672
2673
2675
2676
2677
2682
2683
2684
2685
2686
2687
2688
2690
2692
2693
2694
2695
2696
2697
2698
2700
2701
2702
2703
2704
2708
2709
2710
2711
2712
2713
2714
2716
2717
2724
2725
2726
2753
2755
2756
2757
2758
2759
2760
2762
2763
2765
2767
2768
2770
2771
2772
2773
2775
2776
2777
2779
2782
2786
2788
2789
2790
2791
2792
2793
2794
2795
2797
2798
2799
2800
2801
2802
2803
2804
2805
2806
2807
2809
2810
2812
2816
2817
2818
2819
2820
2821
2822
2823
2824
2830
2831
2832
2833
2834
2835
2836
2837
2839
2840
2841
2842
2843
2844
2845
2846
2847
2849
2850
2851
2852
2853
2854
2855
2856
2857
2858
2859
2860
2861
2862
2863
2864
2865
2866
2867
2869
2870
2872
2873
2874
2875
2876
2877
2878
2879
2880
2881
2882
2883
2884
2886
2888
2890
2892
2894
2896
2898
2900
2902
2904
2905
2906
2907
2908
2909
2910
2911
2912
2913
2915
2916
2925
2926
2927
2928
2930
2931
2932
2933
2934
2935
2936
2937
2938
2940
2941
2942
2943
2944
2946
2948
2949
2950
2951
2952
2953
2954
2955
2956
2957
2958
2959
2960
2961
2962
2963
2964
2965
2966
2981
2982
2984
2985
2986
2987
2988
2989
2992
2993
2994
2995
2996
2997
3009
3010
3013
3014
3015
3017
3021
3022
3023
3024
3025
3026
3027
3028
3029
3030
3032
3033
3035
3044
3045
3046
3047
3048
3049
3051
3052
3053
3054
3055
3056
3057
3058
3061
3062
3063
3064
3065
3066
3068
3070
3071
3072
3074
3076
3077
3078
3080
3081
3087
3095
3098
3101
3106
3107
3108
3109
3110
3114
3115
3116
3117
3118
3119
3120
3188
3189
3190
3191
3192
3193
3194
3196
3197
3198
3199
3200
3201
3202
3203
3204
3206
3207
3208
3209
3210
3211
3212
3214
3215
3216
3217
3218
3219
3220
3221
3223
3224
3226
3227
3228
3229
3230
3232
3233
3234
3235
3236
3237
3238
3239
3240
3241
3242
3247
3249
3250
3252
3253
3255
3256
3257
3258
3259
3261
3262
3263
3265
3266
3267
3268
3269
3272
3273
3274
3275
3276
3277
3278
3279
3280
3281
3282
3283
3284
3285
3286
3287
3288
3289
3292
3293
3294
3295
3296
3297
3298
3299
3300
3301
3302
3303
3305
3306
3307
3308
3309
3310
3311
3312
3316
3317
3321
3322
3323
3324
3325
3326
3328
3329
3330
3333
3334
3335
3336
3337
3338
3341
3342
3343
3344
3345
3346
3347
3349
3353
3354
3356
3357
3358
3359
3360
3361
3362
3363
3364
3365
3366
3368
3369
3370
3371
3373
3381
3382
3383
3387
3388
3389
3390
3391
3394
3395
3396
3397
3398
3399
3400
3403
3404
3405
3406
3407
3409
3410
3411
3412
3413
3415
3416
3417
3418
3419
3420
3421
3422
3423
3424
3425
3426
3428
3429
3430
3433
3435
3436
3437
3438
3439
3441
3442
3443
3444
3445
3446
3447
3449
3450
3452
3453
3454
3455
3456
3457
3459
3460
3462
3463
3464
3465
3466
3467
3471
3472
3473
3474
3475
3476
3477
3478
3480
3483
3484
3485
3486
3487
3488
3489
3490
3491
3492
3494
3495
3496
3497
3498
3499
3501
3502
3504
3505
3506
3507
3515
3516
3518
3519
3520
3521
3523
3524
3525
3526
3527
3528
3529
3530
3532
3533
3534
3535
3536
3537
3538
3539
3540
3541
3542
3543
3544
3545
3546
3547
3548
3549
3550
3551
3558
3559
3560
3561
3563
3564
3565
3566
3567
3568
3569
3570
3571
3572
3573
3574
3575
3576
3577
3578
3579
3580
3581
3582
3583
3584
3588
3592
3593
3595
3596
3597
3600
3601
3602
3604
3605
3606
3607
3608
3609
3610
3611
3612
3613
3614
3615
3616
3617
3618
3619
3620
3621
3622
3623
3624
3626
3632
3633
3635
3636
3642
3643
3644
3645
3646
3655
3656
3657
3658
3659
3660
3661
3662
3663
3664
3665
3666
3667
3668
3669
3670
3671
3673
3674
3675
3679
3681
3682
3683
3685
3689
3690
3691
3692
3693
3694
3695
3696
3697
3698
3699
3700
3701
3702
3703
3704
3711
3722
3723
3724
3741
3742
3743
3744
3745
3746
3747
3748
3749
3750
3751
3752
3753
3754
3755
3756
3757
3758
3761
3762
3763
3764
3765
3766
3767
3768
3769
3770
3771
3772
3773
3774
3775
3776
3777
3778
3779
3780
3781
3782
3783
3784
3785
3786
3789
3792
3793
3800
3812
3814
3815
3832
3833
3845
3847
3849
3850
3851
3853
3855
3860
3867
3869
3870
3871
3872
3873
3874
3875
3876
3878
3880
3881
3885
3896
3901
3902
3907
3919
3928
3934
3935
3936
3937
3953
3959
3960
3961
3972
3973
3974
3975
3976
3977
3979
3981
3983
3986
3993
3994
4003
4008
4030
4031
4032
4033
4034
4035
4036
4037
4038
4039
4040
4041
4042
4043
4044
4045
4046
4047
4048
4049
4050
4051
4052
4053
4054
4056
4057
4059
4060
4061
4062
4063
4064
4065
4066
4067
4068
4069
4073
4074
4075
4076
4077
4078
4079
4081
4083
4087
4088
4091
4093
4094
4095
4096
4097
4100
4101
4103
4104
4105
4106
4107
4108
4109
4110
4111
4112
4114
4118
4123
4126
4127
4128
4129
4132
4134
4136
4137
4138
4139
4142
4145
4146
4147
4148
4149
4155
4156
4157
4158
4159
4161
4162
4164
4165
4166
4167
4168
4169
4188
4189
4190
4191
4192
4195
4196
4197
4198
4199
4200
4201
4203
4204
4208
4209
4210
4211
4212
4213
4214
4215
4216
4217
4218
4219
4220
4222
4223
4224
4225
4226
4227
4228
4229
4230
4234
4240
4241
4246
4248
4249
4250
4254
4258
4261
4270
4271
4272
4273
4274
4275
4276
4277
4278
4279
4280
4282
4283
4284
4285
4286
4287
4288
4289
4290
4291
4292
4299
4300
4301
4302
4303
4304
4305
4306
4307
4308
4309
4310
4311
4312
4319
4320
4321
4322
4323
4324
4325
4326
4327
4328
4329
4340
4341
4342
4343
4344
4346
4347
4348
4349
4352
4355
4361
4363
4367
4368
4376
4377
4378
4383
4388
4389
4393
4395
4396
4397
4398
4399
4400
4401
4402
4403
4405
4406
4408
4409
4410
4411
4412
4413
4414
4415
4421
4424
4425
4429
4440
4444
4446
4447
4453
4454
4455
4456
4457
4458
4459
4460
4461
4462
4465
4466
4467
4470
4471
4472
4473
4474
4475
4476
4477
4478
4479
4480
4481
4482
4487
4489
4490
4497
4498
4499
4504
4509
4510
4511
4512
4514
4515
4516
4517
4521
4522
4525
4526
4527
4528
4529
4531
4532
4533
4535
4536
4537
4538
4539
4540
4541
4542
4543
4545
4548
4549
4559
4560
4561
4562
4563
4564
4565
4571
4573
4574
4575
4577
4578
4579
4580
4582
4589
4596
4597
4598
4601
4602
4603
4604
4607
4608
4609
4611
4612
4613
4614
4615
4616
4623
4624
4625
4626
4627
4632
4633
4634
4637
4638
4639
4644
4645
4646
4647
4648
4649
4650
4651
4652
4653
4654
4655
4656
4657
4658
4659
4660
4661
4662
4663
4664
4665
4666
4667
4668
4669
4670
4671
4672
4673
4674
4675
4676
4677
4678
4679
4682
4686
4687
4689
4690
4691
4692
4693
4696
4699
4700
4701
4702
4703
4704
4707
4708
4711
4712
4713
4715
4716
4717
4719
4720
4721
4727
4728
4729
4730
4731
4732
4733
4734
4735
4736
4737
4738
4740
4741
4742
4743
4744
4745
4746
4747
4748
4749
4750
4751
4752
4753
4754
4755
4756
4757
4758
4759
4760
4761
4762
4763
4765
4766
4771
4773
4774
4775
4776
4777
4778
4779
4780
4781
4782
4783
4784
4785
4786
4787
4788
4789
4790
4791
4792
4793
4794
4795
4796
4797
4798
4799
4800
4801
4805
4806
4807
4808
4809
4810
4811
4812
4813
4814
4815
4816
4817
4818
4819
4820
4821
4822
4823
4824
4825
4826
4827
4828
4829
4830
4831
4832
4833
4834
4835
4836
4837
4838
4839
4840
4841
4842
4843
4844
4845
4846
4847
4848
4849
4850
4851
4852
4853
4854
4855
4856
4857
4859
4860
4861
4862
4864
4865
4868
4869
4887
4895
4896
4897
4898
4920
4921
4922
4923
4924
4926
4927
4928
4929
4930
4931
4935
4936
4937
4938
4939
4940
4942
4953
4954
4955
4956
4957
4958
4959
4960
4961
4962
4963
4964
4965
4966
4968
4969
4970
4971
4972
4974
4975
4976
4977
4978
4979
4980
4981
4982
4983
4984
4985
4986
4987
4989
4990
4991
4992
4993
4994
4995
4996
4997
4998
4999
5000
5001
5002
5003
5004
5005
5006
5007
5008
5009
5010
5011
5012
5013
5014
5016
5017
5018
5019
5020
5025
5026
5027
5032
5033
5040
5041
5042
5043
5044
5046
5047
5049
5050
5051
5052
5053
5054
5055
5056
5057
5058
